=== Run information ===

Evaluator:    weka.attributeSelection.PrincipalComponents -R 0.95 -A 5
Search:weka.attributeSelection.Ranker -T -1.7976931348623157E308 -N -1
Relation:     bpd_200204-201102-weka.filters.unsupervised.attribute.Remove-R1-5,11,13,15-weka.filters.unsupervised.attribute.Normalize-S1.0-T0.0
Instances:    52765
Attributes:   13
              dobYear
              height
              race
              gender
              medicalCount
              offenseCount
              warrantCount
              lastWarrantBail
              involveTotal
              involveCountVictim
              involveCountSuspect
              involveCountArrestee
              involveCountComplainant
Evaluation mode:evaluate on all training data



=== Attribute Selection on all input data ===

Search Method:
  Attribute ranking.

Attribute Evaluator (unsupervised):
  Principal Components Attribute Transformer

Correlation matrix
  1      0.49  -0.41   0.32   0.01   0.04  -0.01   0.01  -0.01   0.01   0.01   0      0     -0.53   0.15   0.16   0      0.01   0.07   0.09   0.06   0.03   0.01   0.12   0.02 
  0.49   1     -0.19   0.11   0      0.07  -0.01   0      0      0.01   0     -0.01   0     -0.35   0.22  -0.02   0      0.04   0.12   0.17   0.12   0.02   0.14   0.2    0.06 
 -0.41  -0.19   1     -0.71  -0.02  -0.18  -0.01  -0.02   0     -0.02  -0.01  -0.01  -0.01   0.64  -0.2   -0.17   0      0     -0.05  -0.08  -0.06  -0.02  -0.12  -0.11  -0.02 
  0.32   0.11  -0.71   1     -0.06  -0.55  -0.04  -0.06  -0.01  -0.06  -0.03  -0.03  -0.02  -0.46   0.11   0.15  -0.01   0.02   0.09   0.01   0.02   0.04   0.05   0.04   0.04 
  0.01   0     -0.02  -0.06   1     -0.01   0      0      0      0      0      0      0     -0.01   0.01   0      0.11  -0.01  -0.01   0.01   0.01   0      0      0     -0.01 
  0.04   0.07  -0.18  -0.55  -0.01   1     -0.01  -0.01   0     -0.01  -0.01  -0.01   0     -0.11   0.07  -0.01   0     -0.02  -0.06   0.09   0.05  -0.02   0.06   0.08  -0.03 
 -0.01  -0.01  -0.01  -0.04   0     -0.01   1      0      0      0      0      0      0      0      0.01   0      0      0     -0.01   0      0      0      0      0      0    
  0.01   0     -0.02  -0.06   0     -0.01   0      1      0      0      0      0      0     -0.01   0.03  -0.02   0     -0.01  -0.01   0      0      0      0.01   0      0    
 -0.01   0      0     -0.01   0      0      0      0      1      0      0      0      0      0.01   0      0      0      0      0.01   0      0      0      0      0      0    
  0.01   0.01  -0.02  -0.06   0     -0.01   0      0      0      1      0      0      0     -0.01   0.02  -0.02   0      0     -0.01   0      0      0      0      0     -0.01 
  0.01   0     -0.01  -0.03   0     -0.01   0      0      0      0      1      0      0     -0.01   0.01  -0.01   0      0      0      0      0      0      0      0      0    
  0     -0.01  -0.01  -0.03   0     -0.01   0      0      0      0      0      1      0      0      0.01  -0.01   0      0      0      0      0      0      0      0      0    
  0      0     -0.01  -0.02   0      0      0      0      0      0      0      0      1      0      0.01  -0.01   0      0      0      0      0      0      0      0      0    
 -0.53  -0.35   0.64  -0.46  -0.01  -0.11   0     -0.01   0.01  -0.01  -0.01   0      0      1     -0.32  -0.26   0      0     -0.02  -0.06  -0.04   0.02  -0.07  -0.07   0.02 
  0.15   0.22  -0.2    0.11   0.01   0.07   0.01   0.03   0      0.02   0.01   0.01   0.01  -0.32   1     -0.83   0     -0.04  -0.09   0.09   0.06  -0.04   0.12   0.11  -0.07 
  0.16  -0.02  -0.17   0.15   0     -0.01   0     -0.02   0     -0.02  -0.01  -0.01  -0.01  -0.26  -0.83   1      0      0.04   0.1   -0.06  -0.04   0.03  -0.08  -0.07   0.06 
  0      0      0     -0.01   0.11   0      0      0      0      0      0      0      0      0      0      0      1      0      0      0.01   0.02   0      0      0      0    
  0.01   0.04   0      0.02  -0.01  -0.02   0     -0.01   0      0      0      0      0      0     -0.04   0.04   0      1      0.48   0.02   0.01   0.07   0.06   0.04   0.28 
  0.07   0.12  -0.05   0.09  -0.01  -0.06  -0.01  -0.01   0.01  -0.01   0      0      0     -0.02  -0.09   0.1    0      0.48   1      0.04   0.01   0.14   0.12   0.09   0.46 
  0.09   0.17  -0.08   0.01   0.01   0.09   0      0      0      0      0      0      0     -0.06   0.09  -0.06   0.01   0.02   0.04   1      0.58   0.02   0.3    0.5    0.02 
  0.06   0.12  -0.06   0.02   0.01   0.05   0      0      0      0      0      0      0     -0.04   0.06  -0.04   0.02   0.01   0.01   0.58   1      0.01   0.13   0.27   0.01 
  0.03   0.02  -0.02   0.04   0     -0.02   0      0      0      0      0      0      0      0.02  -0.04   0.03   0      0.07   0.14   0.02   0.01   1      0.08   0.06   0.13 
  0.01   0.14  -0.12   0.05   0      0.06   0      0.01   0      0      0      0      0     -0.07   0.12  -0.08   0      0.06   0.12   0.3    0.13   0.08   1      0.45   0.11 
  0.12   0.2   -0.11   0.04   0      0.08   0      0      0      0      0      0      0     -0.07   0.11  -0.07   0      0.04   0.09   0.5    0.27   0.06   0.45   1      0.06 
  0.02   0.06  -0.02   0.04  -0.01  -0.03   0      0      0     -0.01   0      0      0      0.02  -0.07   0.06   0      0.28   0.46   0.02   0.01   0.13   0.11   0.06   1    


eigenvalue  proportion  cumulative
  3.04839   0.12194   0.12194 -0.435gender=0.0-0.433race=0.0+0.387dobYear+0.354race=W+0.325height...
  2.20029   0.08801   0.20995 0.411gender=F-0.407warrantCount-0.367involveCountArrestee-0.324lastWarrantBail+0.323race=W...
  2.02317   0.08093   0.29087 -0.5offenseCount-0.434involveCountComplainant-0.41medicalCount+0.376gender=M-0.289gender=F...
  1.59379   0.06375   0.35463 0.511gender=F-0.481gender=M-0.301medicalCount-0.295offenseCount+0.293warrantCount...
  1.38131   0.05525   0.40988 0.687race=B-0.487race=W+0.255height+0.214dobYear-0.191lastWarrantBail...
  1.11308   0.04452   0.4544  0.699race=U+0.696gender=U-0.086race=B-0.08involveCountSuspect+0.071lastWarrantBail...
  1.01769   0.04071   0.49511 0.471race=L-0.396involveCountSuspect-0.393involveCountVictim+0.302lastWarrantBail+0.288height...
  1.00246   0.0401    0.53521 0.642race=A+0.563race=K+0.456race=P+0.153race=N+0.12 race=M...
  1.00181   0.04007   0.57528 -0.598race=I+0.442race=P-0.402race=K+0.371race=M+0.28 race=N...
  1.00133   0.04005   0.61533 -0.649race=K+0.593race=A+0.406race=L+0.218race=I-0.078race=P...
  1.0008    0.04003   0.65536 -0.681race=I-0.616race=P+0.255race=A+0.202race=K+0.201race=L...
  1.00016   0.04001   0.69537 -0.889race=M+0.347race=N-0.23race=I+0.174race=P-0.055race=K...
  1.00011   0.04      0.73538 -0.872race=N+0.372race=P-0.225race=I-0.204race=M-0.075race=K...
  0.99625   0.03985   0.77523 0.728race=L+0.355involveCountVictim-0.343race=A+0.23 involveCountSuspect-0.187lastWarrantBail...
  0.95829   0.03833   0.81356 -0.583involveCountVictim-0.465height-0.325race=0.0-0.314dobYear+0.238race=B...
  0.90205   0.03608   0.84964 -0.465involveCountVictim+0.406race=U+0.387involveCountSuspect-0.377lastWarrantBail-0.348gender=U...
  0.88588   0.03544   0.88507 0.614gender=U-0.571race=U-0.249lastWarrantBail+0.235involveCountSuspect-0.221involveCountVictim...
  0.71044   0.02842   0.91349 0.745involveCountComplainant-0.635medicalCount-0.153involveCountVictim-0.091involveCountArrestee+0.076lastWarrantBail...
  0.53535   0.02141   0.93491 0.659involveCountArrestee-0.578involveCountSuspect-0.335lastWarrantBail-0.232height+0.177dobYear...
  0.45839   0.01834   0.95324 -0.683offenseCount+0.41 medicalCount+0.364involveCountComplainant+0.293dobYear-0.227height...

Eigenvectors
 V1  V2  V3  V4  V5  V6  V7  V8  V9  V10   V11   V12   V13   V14   V15   V16   V17   V18   V19   V20  
 0.3871  0.144   0.0739  0.0412  0.2138  0.0329  0.2128 -0.0097 -0.0337 -0.015  -0.0073  0.0007 -0.0026 -0.0683 -0.3138  0.0632  0.0855 -0.0143  0.1771  0.2932 dobYear
 0.3255 -0.0718  0.0162 -0.0428  0.255   0.0172  0.2876 -0.0521 -0.0421 -0.0026  0.0052  0.0013 -0.0012 -0.0974 -0.4652  0.216   0.2126  0.0107 -0.2323 -0.2273 height
-0.4333 -0.2112 -0.1154 -0.0336 -0.0172  0.0158  0.2355 -0.0432 -0.0357 -0.0147  0.0015  0.0179  0.0013 -0.0903 -0.3254  0.1514  0.1518 -0.0296 -0.044   0.1834 race=0.0
 0.3543  0.3232  0.0458 -0.1086 -0.4867 -0.0139 -0.0563 -0.0237  0.0204 -0.0012  0.0026 -0.0019  0.0048 -0.0003  0.0949 -0.0337 -0.0168  0.0078  0.0158 -0.081  race=W
-0.0002 -0.0166  0.0167  0.0193  0.0486  0.6994 -0.0869 -0.0139 -0.0137  0.0067  0.0075  0.0012  0.0042  0.0446 -0.0547  0.4061 -0.5705  0.0015  0.0028 -0.0206 race=U
 0.0139 -0.1981  0.0617  0.1972  0.6871 -0.0862 -0.2438 -0.0807  0.0709 -0.0128 -0.0001 -0.0045  0.0205  0.0126  0.2379 -0.1816 -0.0893  0.0242  0.0291 -0.0953 race=B
-0.0069 -0.007   0.0113  0.0038  0.0288 -0.0015 -0.1679  0.6424 -0.1212  0.5927  0.2552  0.0116  0.0517 -0.3431 -0.0642  0.0017  0.0105  0.0004  0.002  -0.0096 race=A
 0.0004 -0.0244  0.0274 -0.0203  0.0473  0.0052  0.0776  0.5633 -0.4023 -0.6494  0.2023 -0.0554 -0.0752  0.1784  0.0535 -0.0116 -0.0021 -0.0031  0.0029 -0.0215 race=K
-0.0064 -0.0028 -0.0087 -0.0066 -0.0056  0.0003 -0.0591  0.12    0.3715 -0.0361  0.0031 -0.8893 -0.2041  0.0187 -0.0943  0.0112  0.0111 -0.014  -0.0034  0.015  race=M
-0.0001 -0.02    0.0251 -0.0176  0.0568  0.0111  0.4712  0.0679  0.0029  0.4055  0.2013 -0.0416  0.0072  0.7281  0.1656 -0.0202 -0.0136  0.0071 -0.0043 -0.0108 race=L
-0.0004 -0.0066  0.0102 -0.0117  0.0313  0.0054  0.0706 -0.0059 -0.5977  0.2184 -0.6808 -0.23   -0.2248 -0.0241  0.1403  0.0205  0.0074 -0.0058  0.0003 -0.0077 race=I
-0.003  -0.0095  0.0074 -0.0019  0.0127  0.0045  0.0131  0.4565  0.4421 -0.0781 -0.6158  0.1738  0.3717  0.1821 -0.0764  0.0353  0.0275 -0.0031  0.0053 -0.0056 race=P
-0.002  -0.0056  0.009  -0.0062  0.0108  0.0008 -0.0396  0.1534  0.2798  0.0155 -0.0878  0.347  -0.8717  0.065  -0.0583  0.0077  0.0094 -0.0018  0.0024 -0.006  race=N
-0.4351 -0.2022 -0.1632 -0.0344 -0.1786 -0.0012  0.041  -0.0239 -0.0134 -0.0008  0.0013 -0.0046  0.002  -0.0064 -0.1064  0.039   0.0439  0.0204  0.084  -0.1453 gender=0.0
 0.2065 -0.2858  0.3764 -0.4807  0.0241  0.0069 -0.018  -0.0106  0.0249  0.0021 -0.0038  0.0023  0.0073 -0.0315  0.0538 -0.0855 -0.0614  0.0135  0.0053  0.0385 gender=M
 0.045   0.411  -0.2885  0.5111  0.0804 -0.0126 -0.0049  0.025  -0.0177 -0.0017  0.003   0.0004 -0.0087  0.0358  0.0068  0.0675  0.0314 -0.0258 -0.0549  0.0462 gender=F
 0.001  -0.0101  0.0003  0.0214  0.0017  0.6963 -0.0867 -0.0109  0.0057  0.0021  0.005   0.0001  0.0034  0.0252  0.0914 -0.348   0.6136 -0.0058  0.0096 -0.0007 gender=U
 0.0608  0.015  -0.4096 -0.3009  0.1232  0.0329  0.1393  0.0252  0.066  -0.0185  0.005   0.0154 -0.0023 -0.1309  0.2289 -0.0384 -0.0648 -0.6354 -0.0147  0.4097 medicalCount
 0.1162  0.0374 -0.4997 -0.2951  0.1056  0.0191  0.0811  0.0127  0.0334 -0.0108 -0.0014 -0.0022 -0.0017 -0.0676  0.0744 -0.0024 -0.0071 -0.0177  0.0057 -0.6833 offenseCount
 0.2222 -0.4074 -0.1302  0.2935 -0.1816  0.0182  0.1404  0.0242  0.0219 -0.0113 -0.0146 -0.0022 -0.0131 -0.0847  0.0375 -0.1293 -0.1049  0.0002  0.1146  0.0141 warrantCount
 0.1677 -0.324  -0.094   0.2823 -0.191   0.0706  0.3022  0.0417  0.0527 -0.0244 -0.0274 -0.0038 -0.0132 -0.1867  0.0338 -0.3775 -0.2492  0.0758 -0.3352  0.0104 lastWarrantBail
 0.0433 -0.0072 -0.1956 -0.0874 -0.0238 -0.0215 -0.3929 -0.0437 -0.1758  0.0644 -0.0246  0.0067  0.017   0.3554 -0.5833 -0.4647 -0.2207 -0.1533 -0.0081  0.03   involveCountVictim
 0.194  -0.2922 -0.1645  0.0273 -0.1025 -0.0799 -0.3961 -0.0132 -0.0508  0.0281  0.0272  0.0063  0.0113  0.2297  0.1092  0.3869  0.2345 -0.0232 -0.5784  0.1321 involveCountSuspect
 0.2391 -0.3668 -0.155   0.1605 -0.1241 -0.0506 -0.1484 -0.0133 -0.0355  0.0217  0.0219 -0.0004  0.0039  0.1087 -0.0034  0.2506  0.1547 -0.0906  0.659  -0.0293 involveCountArrestee
 0.0725  0.0149 -0.4345 -0.268   0.0935  0.0157 -0.0097  0.0158  0.0082 -0.0034 -0.0038 -0.0008 -0.0041 -0.0075  0.0561 -0.0371 -0.0343  0.7446  0.0819  0.3643 involveCountComplainant

Ranked attributes:
 0.8781    1 -0.435gender=0.0-0.433race=0.0+0.387dobYear+0.354race=W+0.325height...
 0.7901    2 0.411gender=F-0.407warrantCount-0.367involveCountArrestee-0.324lastWarrantBail+0.323race=W...
 0.7091    3 -0.5offenseCount-0.434involveCountComplainant-0.41medicalCount+0.376gender=M-0.289gender=F...
 0.6454    4 0.511gender=F-0.481gender=M-0.301medicalCount-0.295offenseCount+0.293warrantCount...
 0.5901    5 0.687race=B-0.487race=W+0.255height+0.214dobYear-0.191lastWarrantBail...
 0.5456    6 0.699race=U+0.696gender=U-0.086race=B-0.08involveCountSuspect+0.071lastWarrantBail...
 0.5049    7 0.471race=L-0.396involveCountSuspect-0.393involveCountVictim+0.302lastWarrantBail+0.288height...
 0.4648    8 0.642race=A+0.563race=K+0.456race=P+0.153race=N+0.12 race=M...
 0.4247    9 -0.598race=I+0.442race=P-0.402race=K+0.371race=M+0.28 race=N...
 0.3847   10 -0.649race=K+0.593race=A+0.406race=L+0.218race=I-0.078race=P...
 0.3446   11 -0.681race=I-0.616race=P+0.255race=A+0.202race=K+0.201race=L...
 0.3046   12 -0.889race=M+0.347race=N-0.23race=I+0.174race=P-0.055race=K...
 0.2646   13 -0.872race=N+0.372race=P-0.225race=I-0.204race=M-0.075race=K...
 0.2248   14 0.728race=L+0.355involveCountVictim-0.343race=A+0.23 involveCountSuspect-0.187lastWarrantBail...
 0.1864   15 -0.583involveCountVictim-0.465height-0.325race=0.0-0.314dobYear+0.238race=B...
 0.1504   16 -0.465involveCountVictim+0.406race=U+0.387involveCountSuspect-0.377lastWarrantBail-0.348gender=U...
 0.1149   17 0.614gender=U-0.571race=U-0.249lastWarrantBail+0.235involveCountSuspect-0.221involveCountVictim...
 0.0865   18 0.745involveCountComplainant-0.635medicalCount-0.153involveCountVictim-0.091involveCountArrestee+0.076lastWarrantBail...
 0.0651   19 0.659involveCountArrestee-0.578involveCountSuspect-0.335lastWarrantBail-0.232height+0.177dobYear...
 0.0468   20 -0.683offenseCount+0.41 medicalCount+0.364involveCountComplainant+0.293dobYear-0.227height...

Selected attributes: 1,2,3,4,5,6,7,8,9,10,11,12,13,14,15,16,17,18,19,20 : 20

